22
15
0 1491 5637 4570 6855 6708 4904 8171 4594 3622 5462 2389 3772 3028 4958 1669 4797 8227 3575 2469 3061 2125
1491 0 5776 5793 6994 6847 6127 8310 4733 4845 5601 2528 4995 3167 5097 2892 6020 8366 3714 2608 4284 3348
5637 5776 0 9939 1730 1583 10273 3046 2563 8991 1099 4988 9141 2811 1167 7038 10166 3102 2244 4194 8430 7494
4570 5793 9939 0 11157 11010 2108 12473 8896 2656 9764 6691 2516 7330 9260 4271 2001 12529 7877 6771 3281 3655
6855 6994 1730 11157 0 1579 11491 1546 3781 10209 2317 6206 10359 4029 2385 8256 11384 1602 3462 5412 9648 8712
6708 6847 1583 11010 1579 0 11344 2895 3634 10062 2170 6059 10212 3882 2238 8109 11237 2951 3315 5265 9501 8565
4904 6127 10273 2108 11491 11344 0 12807 9230 2990 10098 7025 2850 7664 9594 4605 991 12863 8211 7105 3615 3989
8171 8310 3046 12473 1546 2895 12807 0 5097 11525 3633 7522 11675 5345 3701 9572 12700 1422 4778 6728 10964 10028
4594 4733 2563 8896 3781 3634 9230 5097 0 7948 2388 3945 8098 1768 1884 5995 9123 5153 1201 3151 7387 6451
3622 4845 8991 2656 10209 10062 2990 11525 7948 0 8816 5743 1858 6382 8312 3323 2883 11581 6929 5823 2333 2707
5462 5601 1099 9764 2317 2170 10098 3633 2388 8816 0 4813 8966 2636 992 6863 9991 3689 2069 4019 8255 7319
2389 2528 4988 6691 6206 6059 7025 7522 3945 5743 4813 0 5893 2379 4309 3790 6918 7578 2926 1820 5182 4246
3772 4995 9141 2516 10359 10212 2850 11675 8098 1858 8966 5893 0 6532 8462 3473 2743 11731 7079 5973 2483 2857
3028 3167 2811 7330 4029 3882 7664 5345 1768 6382 2636 2379 6532 0 2132 4429 7557 5401 749 1585 5821 4885
4958 5097 1167 9260 2385 2238 9594 3701 1884 8312 992 4309 8462 2132 0 6359 9487 3757 1565 3515 7751 6815
1669 2892 7038 4271 8256 8109 4605 9572 5995 3323 6863 3790 3473 4429 6359 0 4498 9628 4976 3870 2762 1826
4797 6020 10166 2001 11384 11237 991 12700 9123 2883 9991 6918 2743 7557 9487 4498 0 12756 8104 6998 3508 3882
8227 8366 3102 12529 1602 2951 12863 1422 5153 11581 3689 7578 11731 5401 3757 9628 12756 0 4834 6784 11020 10084
3575 3714 2244 7877 3462 3315 8211 4778 1201 6929 2069 2926 7079 749 1565 4976 8104 4834 0 2132 6368 5432
2469 2608 4194 6771 5412 5265 7105 6728 3151 5823 4019 1820 5973 1585 3515 3870 6998 6784 2132 0 5262 4326
3061 4284 8430 3281 9648 9501 3615 10964 7387 2333 8255 5182 2483 5821 7751 2762 3508 11020 6368 5262 0 2146
2125 3348 7494 3655 8712 8565 3989 10028 6451 2707 7319 4246 2857 4885 6815 1826 3882 10084 5432 4326 2146 0