24
0 1586 4393 1863 1197 3442 2433 6707 6188 4693 1390 3628 2598 1364 3035 5647 2909 6419 7246 3891 1439 5160 1963 7217
1586 0 5189 2659 1993 2310 3229 7503 6984 5489 1986 4424 1466 2160 3831 6443 1777 7215 8042 2759 1441 5956 2759 8013
4393 5189 0 3026 4400 7045 2208 3088 2569 1074 4993 1935 6201 4777 2066 2028 6512 2800 3627 7494 5042 1541 4250 3598
1863 2659 3026 0 1870 4515 1066 5340 4821 3326 2463 2261 3671 2247 1668 4280 3982 5052 5879 4964 2512 3793 1720 5850
1197 1993 4400 1870 0 3849 2440 6714 6195 4700 1797 3635 3005 1581 3042 5654 3316 6426 7253 4298 1846 5167 1970 7224
3442 2310 7045 4515 3849 0 5085 9359 8840 7345 3842 6280 1610 4016 5687 8299 1147 9071 9898 1345 3297 7812 4615 9869
2433 3229 2208 1066 2440 5085 0 4522 4003 2508 3033 1443 4241 2817 850 3462 4552 4234 5061 5534 3082 2975 2290 5032
6707 7503 3088 5340 6714 9359 4522 0 747 2378 7307 4249 8515 7091 4380 2428 8826 1280 1395 9808 7356 3293 6564 856
6188 6984 2569 4821 6195 8840 4003 747 0 1859 6788 3730 7996 6572 3861 1909 8307 761 1286 9289 6837 2774 6045 1257
4693 5489 1074 3326 4700 7345 2508 2378 1859 0 5293 2235 6501 5077 2366 1318 6812 2090 2917 7794 5342 1279 4550 2888
1390 1986 4993 2463 1797 3842 3033 7307 6788 5293 0 4228 2998 1964 3635 6247 3309 7019 7846 4291 1839 5760 2563 7817
3628 4424 1935 2261 3635 6280 1443 4249 3730 2235 4228 0 5436 4012 1301 3189 5747 3961 4788 6729 4277 2702 3485 4759
2598 1466 6201 3671 3005 1610 4241 8515 7996 6501 2998 5436 0 3172 4843 7455 1077 8227 9054 2059 2453 6968 3771 9025
1364 2160 4777 2247 1581 4016 2817 7091 6572 5077 1964 4012 3172 0 3419 6031 3483 6803 7630 4465 2013 5544 2347 7601
3035 3831 2066 1668 3042 5687 850 4380 3861 2366 3635 1301 4843 3419 0 3320 5154 4092 4919 6136 3684 2833 2892 4890
5647 6443 2028 4280 5654 8299 3462 2428 1909 1318 6247 3189 7455 6031 3320 0 7766 2140 2967 8748 6296 2233 5504 2938
2909 1777 6512 3982 3316 1147 4552 8826 8307 6812 3309 5747 1077 3483 5154 7766 0 8538 9365 1596 2764 7279 4082 9336
6419 7215 2800 5052 6426 9071 4234 1280 761 2090 7019 3961 8227 6803 4092 2140 8538 0 1819 9520 7068 3005 6276 1790
7246 8042 3627 5879 7253 9898 5061 1395 1286 2917 7846 4788 9054 7630 4919 2967 9365 1819 0 10347 7895 3832 7103 1905
3891 2759 7494 4964 4298 1345 5534 9808 9289 7794 4291 6729 2059 4465 6136 8748 1596 9520 10347 0 3746 8261 5064 10318
1439 1441 5042 2512 1846 3297 3082 7356 6837 5342 1839 4277 2453 2013 3684 6296 2764 7068 7895 3746 0 5809 2612 7866
5160 5956 1541 3793 5167 7812 2975 3293 2774 1279 5760 2702 6968 5544 2833 2233 7279 3005 3832 8261 5809 0 5017 3803
1963 2759 4250 1720 1970 4615 2290 6564 6045 4550 2563 3485 3771 2347 2892 5504 4082 6276 7103 5064 2612 5017 0 7074
7217 8013 3598 5850 7224 9869 5032 856 1257 2888 7817 4759 9025 7601 4890 2938 9336 1790 1905 10318 7866 3803 7074 0
